D,12
-1,1,-1,-1,-1,-1,-1,-1,-1,-1,-1,-1
1,-1,-1,-1,-1,-1,-1,-1,-1,-1,-1,-1
-1,1,-1,-1,1,1,-1,-1,-1,-1,-1,-1
1,-1,-1,-1,1,-1,1,1,-1,-1,-1,-1
-1,-1,-1,1,-1,-1,-1,1,-1,-1,-1,-1
-1,-1,-1,-1,-1,-1,-1,-1,1,-1,-1,-1
-1,-1,-1,1,-1,-1,-1,-1,-1,1,-1,-1
-1,-1,-1,-1,1,-1,1,-1,-1,1,-1,1
-1,-1,-1,-1,-1,-1,-1,-1,-1,-1,-1,-1
-1,-1,-1,-1,-1,-1,1,1,-1,-1,-1,-1
-1,-1,-1,-1,-1,-1,-1,-1,-1,-1,-1,-1
-1,-1,-1,-1,-1,-1,-1,1,-1,-1,1,-1


Este texto tiene 11 filas y 11 columnas, lo que pasa esque en el video del profe el Grafo en la posicion i,j donde 
i == j, siempre pone infinito y no lo contabiliza en la columna